0.00	5.02	6.84	7.87	7.90	10.03	2.61	2.76	2.61	2.39	3.85	5.82	4.88	5.23	10.76	10.20	16.25	12.24	5.28	4.40	6.75	7.71
3.22	0.00	2.33	3.37	3.40	5.53	1.88	2.11	1.78	3.42	2.67	4.64	3.70	4.05	6.26	5.70	11.75	7.74	6.52	5.65	8.00	8.96
3.24	2.10	0.00	4.96	4.98	7.11	1.90	2.14	1.80	3.45	2.69	4.67	3.73	4.08	7.84	7.28	13.33	9.32	6.55	5.67	8.02	8.98
6.35	5.21	3.10	0.00	0.78	6.07	5.01	5.24	4.90	6.55	5.80	7.77	6.83	7.18	7.18	6.62	12.68	8.67	9.65	8.78	11.12	12.09
6.43	5.29	3.19	0.67	0.00	6.16	5.09	5.32	4.99	6.64	5.88	7.86	6.91	7.26	7.27	6.71	12.76	8.75	9.74	8.86	11.21	12.17
6.57	5.43	3.32	4.16	4.19	0.00	5.23	5.46	5.12	6.77	6.02	7.03	7.05	7.40	6.56	6.66	12.71	8.70	9.87	9.00	11.34	12.31
3.52	2.42	4.23	5.27	5.30	7.43	0.00	2.41	2.08	3.72	1.24	3.22	2.28	2.62	8.15	7.59	13.65	9.64	6.82	5.94	8.30	9.26
2.34	4.55	6.36	7.40	7.43	9.56	2.14	0.00	3.87	1.92	3.38	5.36	4.41	4.76	10.29	9.73	15.78	11.77	6.07	5.32	7.67	8.63
2.34	2.80	4.61	5.65	5.68	7.81	0.38	0.61	0.00	1.92	1.62	3.60	2.66	3.01	8.53	7.97	14.03	10.02	6.07	5.33	7.68	8.64
2.48	2.92	4.73	5.77	5.80	7.93	0.50	0.65	2.58	0.00	1.74	3.72	2.78	3.12	8.65	8.09	14.15	10.14	6.20	5.46	7.81	8.77
5.17	3.92	5.74	6.77	6.80	7.41	3.83	4.06	3.72	4.00	0.00	2.42	1.03	1.38	9.66	9.10	15.15	11.14	8.47	7.60	9.94	10.91
5.69	4.45	6.26	7.30	7.33	7.56	4.35	4.50	4.25	4.14	3.37	0.00	1.98	1.64	10.18	9.62	15.68	11.67	9.00	8.12	10.47	11.43
5.35	4.25	6.06	7.10	7.13	7.74	3.38	3.52	4.06	3.16	3.18	1.81	0.00	0.54	9.99	9.43	15.48	11.47	8.80	7.92	10.28	11.24
5.17	4.56	6.37	7.41	7.44	8.04	3.20	3.34	4.36	2.98	3.49	1.48	0.56	0.00	10.30	9.74	15.79	11.78	8.90	8.15	10.50	11.47
8.82	7.68	5.58	7.65	7.68	8.04	7.48	7.71	7.38	9.02	8.27	10.24	9.30	9.65	0.00	3.22	9.27	5.26	12.12	11.25	13.23	14.19
7.73	6.59	4.49	6.56	6.59	7.91	6.39	6.62	6.29	7.94	7.18	9.16	8.22	8.56	3.03	0.00	6.05	2.04	11.04	10.16	12.14	13.10
13.73	12.59	10.49	12.56	12.59	13.90	12.39	12.62	12.29	13.94	13.18	15.16	14.21	14.56	9.03	6.00	0.00	5.27	17.04	16.16	17.34	18.30
10.09	8.95	6.85	8.92	8.95	10.27	8.75	8.99	8.65	10.30	9.54	11.52	10.58	10.92	5.39	2.36	5.66	0.00	13.40	11.49	12.08	13.04
5.79	7.16	8.97	10.01	10.04	12.17	4.74	4.89	6.38	4.53	5.98	7.96	7.02	7.37	12.89	12.33	18.22	13.70	0.00	3.30	4.55	5.51
7.15	8.52	9.58	11.37	11.40	13.07	6.10	6.25	7.75	5.89	7.35	9.32	8.38	8.73	11.22	10.66	15.45	10.93	2.74	0.00	2.66	3.62
11.62	12.98	12.74	14.82	14.84	16.23	10.57	10.72	12.21	10.35	11.81	13.78	12.84	13.19	14.38	13.82	18.61	14.09	6.97	4.72	0.00	1.76
11.08	12.45	12.21	14.28	14.31	15.70	10.04	10.18	11.68	9.82	11.28	13.25	12.31	12.66	13.85	13.29	18.08	13.56	6.44	4.19	2.40	0.00
