0	80.220000	13.007500	0.00
1	80.235446	13.010940	1.10
2	80.237340	13.006625	0.53
3	80.244037	13.011933	0.75
4	80.243103	13.011458	0.92
5	80.244411	13.023982	0.60
6	80.222041	13.012486	0.82
7	80.221195	13.011711	0.69
8	80.222764	13.012038	0.89
9	80.218609	13.011642	0.78
10	80.224521	13.020099	1.17
11	80.223176	13.024760	0.99
12	80.221748	13.020687	0.64
13	80.220156	13.020016	0.69
14	80.264689	13.019192	0.57
15	80.268307	13.010276	0.46
16	80.275979	13.012725	0.43
17	80.272869	12.999220	1.21
18	80.216942	12.991690	1.24
19	80.223785	12.985750	0.96
20	80.220617	12.971821	1.06
21	80.219345	12.967336	1.22
