0.00	21.20	18.03	21.15	21.18	23.26	20.90	21.24	20.73	23.20	22.08	25.04	23.62	24.15	20.49	24.80	21.94	21.51	21.58	18.24	19.14	19.52
21.90	0.00	3.50	5.06	5.10	8.30	2.82	3.16	2.67	5.13	4.00	6.96	5.55	6.07	9.39	6.74	7.22	6.27	9.78	8.48	12.00	13.44
24.29	3.15	0.00	7.44	7.47	10.66	2.85	3.21	2.70	5.18	4.04	7.00	5.60	6.12	11.76	6.76	8.24	4.76	9.82	8.50	12.03	13.47
23.30	7.82	4.65	0.00	1.17	9.10	7.52	7.86	7.35	9.82	8.70	11.66	10.24	10.77	10.77	11.42	6.66	6.72	14.48	13.17	16.68	18.13
23.43	7.94	4.78	1.01	0.00	9.24	7.64	7.98	7.48	9.96	8.82	11.79	10.36	10.89	10.90	11.55	6.80	6.84	14.61	13.29	16.82	18.26
23.62	8.14	4.98	6.24	6.28	0.00	7.85	8.19	7.68	10.15	9.03	10.54	10.58	11.10	9.84	11.74	6.50	7.05	14.80	13.50	17.01	18.46
24.75	3.63	6.35	7.90	7.95	11.14	0.00	3.62	3.12	5.58	1.86	4.83	3.42	3.93	12.23	4.59	8.70	5.22	10.23	8.91	12.45	13.89
26.31	6.82	9.54	11.10	11.14	14.34	3.21	0.00	5.80	2.88	5.07	8.04	6.62	7.14	15.43	7.78	11.91	8.42	9.10	7.98	11.50	12.94
25.32	4.20	6.92	8.48	8.52	11.72	0.57	0.92	0.00	2.88	2.43	5.40	3.99	4.51	12.79	5.16	9.27	5.79	9.10	8.00	11.52	12.96
25.50	4.38	7.10	8.65	8.70	11.90	0.75	0.98	3.87	0.00	2.61	5.58	4.17	4.68	12.98	5.34	9.45	5.97	9.30	8.19	11.72	13.16
27.02	5.88	8.61	10.15	10.20	11.12	5.74	6.09	5.58	6.00	0.00	3.63	1.54	2.07	14.49	6.84	10.96	7.48	12.71	11.40	14.91	16.37
27.80	6.68	9.39	10.95	11.00	11.34	6.52	6.75	6.38	6.21	5.06	0.00	2.97	2.46	15.27	7.64	11.74	8.26	13.50	12.18	15.71	17.14
27.51	6.38	9.09	10.65	10.70	11.61	5.07	5.28	6.09	4.74	4.77	2.72	0.00	0.81	14.98	7.33	11.46	7.98	13.20	11.88	15.42	16.86
27.96	6.84	9.56	11.12	11.16	12.06	4.80	5.01	6.54	4.47	5.24	2.22	0.84	0.00	15.45	7.80	11.91	8.43	13.35	12.23	15.75	17.21
21.48	11.52	8.37	11.48	11.52	12.06	11.22	11.56	11.07	13.53	12.40	15.36	13.95	14.48	0.00	15.14	12.27	11.84	18.18	16.88	19.84	21.28
26.07	4.95	7.67	9.23	9.27	12.46	4.80	5.16	4.65	7.12	5.88	8.83	7.43	7.95	13.56	0.00	10.02	6.54	11.77	10.46	13.98	15.42
24.26	7.43	5.61	6.87	6.92	9.57	8.48	8.82	8.31	10.78	9.66	12.62	11.20	11.73	11.73	12.38	0.00	8.60	15.43	14.12	17.64	19.08
22.58	4.23	3.93	5.49	5.52	8.73	6.78	7.14	6.63	9.10	7.96	10.94	9.51	10.04	10.05	10.70	8.61	0.00	13.76	12.43	15.96	17.40
23.14	10.74	13.46	15.02	15.06	18.26	7.11	7.33	9.57	6.80	8.97	11.94	10.53	11.06	19.34	11.70	15.81	12.33	0.00	4.95	6.82	8.26
18.99	12.78	14.37	17.06	17.10	19.60	9.15	9.38	11.62	8.83	11.02	13.98	12.57	13.10	16.83	13.74	17.85	14.37	4.11	0.00	3.99	5.43
19.50	19.47	19.11	22.23	22.26	24.34	15.86	16.08	18.32	15.52	17.72	20.67	19.26	19.78	21.57	20.43	23.02	21.06	10.46	7.08	0.00	2.64
20.22	18.67	18.32	21.42	21.46	23.55	15.06	15.27	17.52	14.73	16.92	19.88	18.46	18.99	20.78	19.63	22.23	20.26	9.66	6.28	3.60	0.00
